lastAccountName: Egor13784
timestamps:
  login: 1589047205060
  logout: 1589047263398
ipAddress: 213.87.151.182
lastlocation:
  world: world
  x: 149.5
  y: 86.0
  z: -13.5
  yaw: 2.8168135
  pitch: 0.0
logoutlocation:
  world: world
  x: 148.33478057995086
  y: 86.0
  z: -6.0500737078205065
  yaw: 8.446023
  pitch: 27.39034
