lastAccountName: Sink
timestamps:
  login: 1589534497739
  logout: 1589534860761
ipAddress: 109.252.79.170
lastlocation:
  world: world
  x: 154.5
  y: 86.0
  z: -0.5
  yaw: 1.0367883
  pitch: 0.0
logoutlocation:
  world: world
  x: 1860.880126953125
  y: 62.07319337129593
  z: -411.023193359375
  yaw: -246.82712
  pitch: 34.60069
