lastAccountName: iudmitriev
timestamps:
  login: 1588952022972
  logout: 1588952020031
ipAddress: 195.91.229.180
lastlocation:
  world: world
  x: 155.5
  y: 86.0
  z: -16.5
  yaw: 1.0979328
  pitch: 0.0
logoutlocation:
  world: world
  x: 141.923822382602
  y: 87.1212968405392
  z: 4.815366771350396
  yaw: -120.45672
  pitch: 57.15
