lastAccountName: andi_belo_
timestamps:
  login: 1589367950376
  lastteleport: 1588947635051
  logout: 1589368328521
ipAddress: 78.85.131.65
lastlocation:
  world: world
  x: -21.993276859265187
  y: 81.0
  z: 53.32768276044507
  yaw: -137.55685
  pitch: -1.4087206
logoutlocation:
  world: world
  x: 20.54344315619804
  y: 102.5
  z: -10.465898294293133
  yaw: 257.83948
  pitch: 18.749975
