lastAccountName: Morfial
timestamps:
  login: 1589396814255
  logout: 1589398139170
ipAddress: 95.25.172.246
lastlocation:
  world: world
  x: 162.5
  y: 86.0
  z: -17.5
  yaw: 5.693128
  pitch: 0.0
afk: false
logoutlocation:
  world: world
  x: 162.69999998807907
  y: 86.0
  z: -1.1191219716256708
  yaw: 83.28906
  pitch: 8.791239
