lastAccountName: t0r4
timestamps:
  login: 1588943730346
  logout: 1588944255027
ipAddress: 37.204.87.32
logoutlocation:
  world: world
  x: 167.72519669265662
  y: 88.0
  z: -3.4510499841243902
  yaw: 3.5916748
  pitch: 21.150572
