lastAccountName: KasperIsQuasar
timestamps:
  login: 1589229267144
  logout: 1589229320424
ipAddress: 81.200.23.115
logoutlocation:
  world: world
  x: 211.49237418639007
  y: 86.0
  z: 53.56880718971239
  yaw: -317.13303
  pitch: 12.023028
