lastAccountName: n4g1b4t0r228
timestamps:
  login: 1589140044055
  logout: 1589140091659
ipAddress: 109.252.138.85
lastlocation:
  world: world
  x: 159.5
  y: 86.0
  z: -6.5
  yaw: 2.5984004
  pitch: 0.0
logoutlocation:
  world: world
  x: 134.2874328934308
  y: 86.0
  z: -1.7889702777763148
  yaw: -247.19733
  pitch: 0.47805667
