lastAccountName: WilliamDk
timestamps:
  login: 1589371529397
  logout: 1589371554402
ipAddress: 5.183.94.58
lastlocation:
  world: world
  x: 153.5
  y: 86.0
  z: -2.5
  yaw: 4.7352185
  pitch: 0.0
logoutlocation:
  world: world
  x: 155.5
  y: 86.0
  z: -9.5
  yaw: 217.94339
  pitch: 25.891222
