lastAccountName: r33we3q
timestamps:
  login: 1589229902224
  logout: 1589230458841
ipAddress: 176.59.49.3
lastlocation:
  world: world
  x: 155.5
  y: 86.0
  z: -13.5
  yaw: 1.5595411
  pitch: 0.0
logoutlocation:
  world: world
  x: 131.8225291789634
  y: 86.0
  z: -10.862696773664762
  yaw: -86.25627
  pitch: 62.399986
