lastAccountName: RussianChemist
timestamps:
  login: 1589201118080
  logout: 1589201250047
ipAddress: 91.77.88.240
lastlocation:
  world: world
  x: 155.5
  y: 86.0
  z: 0.5
  yaw: 4.0500164
  pitch: 0.0
logoutlocation:
  world: world
  x: 142.28945553819423
  y: 86.0
  z: 1.0164625099100821
  yaw: 23.88379
  pitch: 24.819723
