lastAccountName: Akixro
timestamps:
  login: 1588948586941
  logout: 1588948624648
ipAddress: 85.30.249.129
lastlocation:
  world: world
  x: 162.5
  y: 86.0
  z: -18.5
  yaw: 6.176942
  pitch: 0.0
logoutlocation:
  world: world
  x: 155.03421723364406
  y: 86.0
  z: -9.10673972530493
  yaw: 277.7948
  pitch: 8.100034
