lastAccountName: R3DlAkE
timestamps:
  login: 1588972310390
  logout: 1588977009248
ipAddress: 85.93.140.197
lastlocation:
  world: world
  x: 154.5
  y: 86.0
  z: -9.5
  yaw: 0.73529863
  pitch: 0.0
logoutlocation:
  world: world
  x: -347.69999998807907
  y: 68.0
  z: -17.68589379040473
  yaw: 233.52711
  pitch: 8.621979
