lastAccountName: codeworse
timestamps:
  login: 1589053865862
  logout: 1589054043908
ipAddress: 195.91.170.43
lastlocation:
  world: world
  x: 162.5
  y: 86.0
  z: -3.5
  yaw: 4.9336514
  pitch: 0.0
logoutlocation:
  world: world
  x: 82.66996586051553
  y: 86.0
  z: -8.354355699547991
  yaw: 279.29434
  pitch: -7.258744
