lastAccountName: cnnmnb
timestamps:
  login: 1589402011809
  logout: 1589402049934
ipAddress: 46.188.50.188
lastlocation:
  world: world
  x: -70.5453133106883
  y: 86.0
  z: 67.88265648722142
  yaw: 307.4204
  pitch: 20.186687
logoutlocation:
  world: world
  x: -86.65569571806655
  y: 55.0
  z: -38.92533704500679
  yaw: 79.44911
  pitch: 70.5
