lastAccountName: sergay_xmyruy
timestamps:
  login: 1589399876734
  logout: 1589402123842
ipAddress: 46.188.44.72
lastlocation:
  world: world
  x: 122.69999998807909
  y: 80.0
  z: 100.40780299488938
  yaw: -27.462738
  pitch: 6.2932878
logoutlocation:
  world: world
  x: 187.7163568913682
  y: 126.0
  z: -2.8065865776971934
  yaw: -0.4498291
  pitch: 25.12196
