lastAccountName: dshapt1n
timestamps:
  login: 1589198671846
  logout: 1589198774695
ipAddress: 195.191.58.197
lastlocation:
  world: world
  x: 153.5
  y: 86.0
  z: -10.5
  yaw: 5.057109
  pitch: 0.0
logoutlocation:
  world: world
  x: 131.28842294380846
  y: 86.0
  z: -81.82464023091902
  yaw: 19.492758
  pitch: 22.49989
