lastAccountName: Wahuse
timestamps:
  login: 1589535246972
  logout: 1589535362481
ipAddress: 176.59.46.222
lastlocation:
  world: world
  x: 153.5
  y: 86.0
  z: -9.5
  yaw: 0.94231206
  pitch: 0.0
logoutlocation:
  world: world
  x: 155.69463979982243
  y: 86.0
  z: -9.345638213894645
  yaw: 216.59352
  pitch: 50.791237
