lastAccountName: Mr_f1omik
timestamps:
  login: 1589532210743
  logout: 1589532296486
ipAddress: 5.19.3.233
lastlocation:
  world: world
  x: 158.5
  y: 86.0
  z: 0.5
  yaw: 0.6867503
  pitch: 0.0
logoutlocation:
  world: world
  x: 174.7134543247567
  y: 86.0
  z: -49.57475193735304
  yaw: 78.14337
  pitch: -41.158783
