logoutlocation:
  world: world
  x: -73.14551423611711
  y: 99.11813720662118
  z: 71.63169871315797
  yaw: 273.3009
  pitch: 18.292654
timestamps:
  logout: 1588967611982
  login: 1588964892347
lastAccountName: Azhbertov
ipAddress: 176.103.100.252
