spawns: 
  default: 
    world: world
    x: -13.974138677334924
    y: 70.0
    z: 209.89570015008067
    yaw: -179.86195
    pitch: -4.1775208
