world: world
x: -13.970508500027762
y: 70.0
z: 209.6123542998986
yaw: -182.7312
pitch: -6.1128235
name: spawn
lastowner: 69b90053-52c3-3eb8-a9dd-da4e572a6ac8
