world: world
x: 27.678213127260165
y: 71.0
z: -495.81030125198834
yaw: -87.753784
pitch: 21.600304
name: Vtek
lastowner: 5a16af6d-03f4-352d-8e1e-466487f10940
